155511 5111551501.

1151115551 155, 6. 246, 10. 297, 10.
S Basilius 94,3.161,·13.

8511115151155515146,13. 83, 11.
Basilius 11511151 167,15. 187,15.
8884585555515555151 229, 20.

’ 1151811121201551151145515111521, 7.
uaros ‚ . ‚ .
851511155248, 20.
beatorum 1515155 221, 16.
1111115111 34, 2. 5517. 97, 8.
,1.
86511153, 2. 22, 8. 116, 10.
Bithynia 173, 3. 396, 14. 51151-
chia 163, 3.
8155551555 23, 23. 63, 15. 138,
ᾖ 17. 242,1. 251, 4. 253, 20.
256, 11. 270, 20. 271, 12.
8155551516115153, 7.
8151111551 138, 2.
8515511151 7511555111 51 Nicepho-
rus .

8551551111 1151 5515111551319, 21.

81151551 284, 22.

Britannicae insulae 221, 14.

8115551155 289, 21.

81155515153, 23.

8555115111 189, 20. “

85115119, l7.' 29, 6, 83, 16. 229,
21 231, 2. 288, 18. 297, 21.
85115151551511511537, 12.

Balgatia 234, 9.

Bulgarophygum29, 19.

Byzantii 14, 2. 48, 15. 122, 9.

1151111551511151171,1.

Δ ρίστρας 205, 7 8111655155·
5611551556. 7151111111, 19.
1555121221.

051515 117, 20.

05151155133,11. 135,14.
0511155115 231, 1.

- 0511155

Ceramus 136, 1.

cerularius. eutichete.

Chalcedon 178, 2. 200, 8 241,
19.267,13.

055155655151511511115143,8.

01515551121,21.

0551511 36, 6.

01 15 78, 15·

055511,954.108,9.111,.,713714.

05511111115511511515 225, 8. 226, 18.

0115111111 5111 36, 3.

0551111151 provincia 146, 8.

· 05515151151137, 1. 172,2.174,12.

0111151129,2132,1.148,19.
149, 9. “

051151551 150, 9.

055515555551 85, 4.

01551511555151 167, 14.

055555140, 16.

Chorosalaris 7515517819.

χρυσῆ πόρια 92, 7.
5115585111151286, 22.
185561155115511115111 61, 7. 279, ,
“24 29817 1555155. 28321.
Chrysopolis 58, 7. 188, 12. 200, 9. ·

· 241, 19.267,1.3 276, 21. 307,.1

Chry 15115551 11. 273, 23.

237, 6 255, 7. 2862. 51111 χ1555111111151142,12. 169,1.
15585ζ5115117348115511515 0111515 9413. 160,7 105, 2. tto,
186,15.218,1.ἤ115’ζ51155 5. 174, 3. 225,18.

208, 3 211, 2. 172,1. 188, 14.

11145414 1115151111 55
055151 16, 22. 102, 1. 285, 6..
05515155 94, 1.125,19. ⁵·:Caesa

1551519411. 139, 7. 146, 10
183,19.

5515511551159, 2.
camelopardalis 49, 17. .
Capitolium 101,16.
051155555154,1. 99, 20 101, 14.

Claudiupolis 138, 7.

01161515 51551515 230, 10.
Ι0051581115 105,2. 120, 5.
0515515 78, 16, 105, 4. 136, 14.

· 168, 4. 1782.

5515511111 143, 9
0515551301, 1·

’ cometae 91, 18, 211, 8.
'comicus
' Comneui 7. 1151151, Constantiana,

15511551, 11555151, 1155551 0.

102,18.113,10.162,19.170, 1155551511551151151115515115312

10184, 22.
05115151551155151224, 19. ,
Carthago 219,2.

0511155555115111 56, 9. 14814.
170,18.216,12.249,6.5511551

 

