msromcos. Ι111 “

Georgia? 1131113331 9, 2. 11,18. lomnes xiphilinus 3311131113 92,
3333311, 1333 roo, or 133 33, 33, 113, 13.

(1313331333 107, 5. 229, 8. lonas 187,1

ἴὶειιι1ι11133308ι 5¹98 2 13ἳ3ξ1331133133131313314133,
o coegerim . ,

Gypsarium 3331311313 121,14.

113333 55, 6. · 183, 21.

1133131131 95, 23. 143, 2. 133311 173, 23.

113313 promontorium 224, 8 1333113 173,1.

Hol'psll 146,5. 1313311133 264, 13.

Hannibal 218 23. ’ 13131 11. 30, 7. 66,21. 83, 11. 85,
3133μᾶ3ιῆ semproni 20, 21.. 14. 97, 21. 204, 19.
Η3133111113333313113111201, 5 113113 11, 19.

Helenopolis 1445. ⁴ 133333

Hellas 83, 23. 1333333 medicus 111 carnifex 178,
Hellespontus 269, 3. 10. 1333331313 sicus 252, 9.
Homolen 3123331133 178, 2. 250, iudex castrorum 128, 22. hippo.

15. 269, 5. · dromi 7, 3. Peloponnesi 311131-
Ἦρακλέος κωμόπολιμ136, 19. 13313 182, 4. veli 7, 3. iudi.
Hercules 235, 5. · , 333 provinciarum 22,1. isus
Herculis 3313311133 221, 12., . τῶν κρίσεων 21, 24.

11331331331333 133, 21. Laestrygones 22521.
13133113131133 271, 15. magnus Lampe 242, 5. 253, 3

286,13. 1311333 125, 20
Hierapolis 108, 17. 111, 16. 116, 1311319, 12. 35, 12. 46, 22. 122
111333313’221,3. ‘ 1333302 2.

Homeri 3313332191 133 11311133631113 22, 6. - ·
Honorias 78,· 21. 173, 2. Leo' 11113313131 312,4 ·· a '
1131131936. 11333111331111311133 133313113133313333167,12.

43, 21. 7,.89 = Leo 3333133352, 3. · . ·
ibere’s 147, 17. 220, 24. 113133338311333133133133 4410. 'r
Ι11311344,7,78, 13. 80,9.166, 3033313111111331. ”

21.221,1.11331113345,4.
133313313510.136,18.183,12.131113333311136118.

258, 20. λογοθέτης 133 δροῂου 1829 mir
11131133310,5.83,21. . 555rorr 167, 16.

Illyrii 205, 9. 131133 eclipsis. ᾖ,

immortales 211 6. 243, 13.306,18 13333333911.
11131133331133 126,18.·

133133 148, 9. Lycaonia 13317. 173, 1. ·
33333 33. «13333. .. ,
S. loannes Baptista 11, 4 1133333313 33,17 87, 18. 207, 22. ’ ;
13331133 8133311133 Caesar 102, 1. · 20914.

168,15. 182,16. 184, 18. 189, Macedonicae legiones22 11. 246,Ι

ἐξ 193,1ο.1141,19.253,3.231311338933431141,
13331133 6311133333 69, 9. ι · 1133733333112, 3.

13331133 orphanotrophus 11, 22. magister 11, 19. 21, 7. 34,.6 56,
loannes 81333 metropolita 18011. 3. 83, 1131 12. 9923. 111,2.
13333337313113333229,14.149,14.154,4 15152212·

 

