lNDEX HISTORlCUS.

311311113311935, 11. Anchise 133, 3. 134, 3.

Abydus 170, 93. Antiochenses
Aceplrali haeretici 97, 3. Antiochia 95, 10. 96, 4. 100, 0.
311333 174, 18. 999, 9. 101, 9. 105,9. 119, 53193. ’
36113333311199,6. 33,91. 36, 93. 136, 93. 181, 6. 999,8. ordonum
908,1. 910,1. 94918943, 99 970,7.
947, 8. 961, 93. 300, 9. ἢ Antiochus Epiphanes 919, 17.
Ἀδριανοῦ 93,1.943, 1096910. Apostolorum templum 13,0. 390,
Adriauopolita 53, 93. 301, 3. 11.μ
Aegyptus Arabes 95, 10. 108, 93. 118, 7. i
. Aemilius Paulus 919, 91. Arabici equi 114, 16. t
⁴ Aethiops Α1301133111,8.
311133 919, 3. Attonitae 997, 91.
33313318, 30. 94, 19. 95, 15. -3133111111131’1336,6.Ἰ
Agathino 0131311333 90, 17. ἀριστοκρατικὰς ανὴρ 18, 16. ;
,α’γορανομικαί α’ρχαί 16, 93. 970, Arius 91, 7. ’
95. 3113333979 98,3.106,6. 109,
alapa manumittentis 984, 8. 8.113,13.135,16 137, 6. 151,
, Albani 9, 11. 18, 19. 90. 999,15.3111,13.
Alexander 03919, 19. 931, 5. 3111331133 magister 34, 6 31 15.
980, 7. 311330 118, 93.
Alexander opp. 190, 6. 31133 opp. 148, 0.
3131133 comnenus 199, 13. 906, Ascalon 958, 90.
19. 950, 90. 953, 17. 988, 99. ,Asia superior 104, 11.
3131133 patriarcha 86, 9. g · Assyria 999, 19.
dttdytov. 149, 91. 3131111999, 14.
, Aloeus 964, 5. ιΔ 31011834. 953,6. sotori Ἀθὺρα
'Alpes 931, 6. “ · υ πολίχνιον959, 19.
Amasin 199, 14. 906, 13. 3113311333 3313333348,’17.
8.3130131133313,16. , Atlanticum pelagus 319, 1.
3133111331 Turcus 94, 19. 109, 9. Augusta 17, 19. 51, 90. 73, 17. 78,
amiras 111,7.977,1. 499, 19. 99, 5. 100, 13.
3331133191,18. 3331331131107,11.
88. Auargyrorpm monasterium'li), Ausones 31, 91. 914, 13.
,19. 3113331113 117, 19.
Andronicus (Duces) 106, 1. 168, 33333331311313 116,16.
16.173,16. Bacchi expeditio 85, 11.
1031133310, 10. ’ Barangi 949, 90. 954, 11.
3331111379, 14. Bardargiusll 999, 15.

 

