11187011Ιῦ98.

8. Paulus 165,18.

Paulus proheirus 168, 7.

Peloponnesi 1111611 1. index.

Perinthus 119, 14.

Persae 4311. 191, 10. 105, 11.

,Ρ6116111111119,11. ,

11111166.

Petrus Libeilius 111, 1.

Pharasmaiins Apocapes 116, 16.

Phiiureigs⁴ Brennica 131, 10.

. 301, .

Phocadae 117, 6.

Phoenicia 158, 11,

Phrygia 78,11. 163, 4.

Phygeila 113, 11.

Pipcrudc monasterium 169, 7. -

Pisidia 136, 16. 173, 1.

roenna clausura 111,13, 173,13.

Polemon 55, 6.

1611161179, 13. Ponticum 11116
196, 19.

praefectus urbis v. ἔπαρχος.

9111111111 168, 6. 171, 16 6113.

praepositus 33, 11. '

Praestiiiabo 11111137, 11.

Prerpa 1111. 130, 18. ‚

p'reiia rerum 1116111111.

Principis ins. 13, 9.

prodigia

11616611111118, 11.

prohcdrus 66, 11, 69,19. 141,19.
111, 7. 116, 11. 11111111,
15.“147, 11. 15019. philoso-
phorum 11,19. protosyncello.
111111 189, 10.

Propontis 19, 11. 101, 7. 179, 5.
193, 5. 169, 3.

Prone ius. 179, 10.

πρωτοβεσιιάριος 66, 13175, 15.

”iiiiii 19 61· 1611·

a · 1 · 1 ·

πρώιος 161111111167, 14.

πρῶτος βέστης 167, 14. 191, 10.

uponrouriynriios 139, 10.

11116168, 5.

11616131, 11.

111111, 7.

Rhoodesteni 144, 11.

8111161111 18, 11. 89,13. 101,
10. 144, 6 ei 10. 148, 19. 161,

8161111111 collis 36, 16.

111111 111, 3. 1111111118, 1 11

333

7. 11611118, 5. occidentalis
9,11. 1111111711 ‘ponerent 41, 6.
{dyc 143, 6. 161, 3.

omanopolis 131, 1.

Romanus Diogenes 97, 7. 179, 11.
Romanus 11616116160111186, 11.
1116111116 168, 8.

31111111 14811. 18311. 185,1.
186, 13. 191,16. 19111166,
11. 15111. 169,4. 170, 9. 171,
13. 188, 11.

1111111 154, 13. 1111111111 nares
10, 113153, 11. ‘Pucino' 611111,

“ 110 14,

1111116111 1111111161 178, 11.
sanuel Arusianus 113, 11.
Samuel 811311611111111130, 17.
Sangarius 0. 145, 19. 181, 11.
Saraceni 109, 106111.
Sarbandicus mons 138, 3.

sardice 10, 5. 07, 1, 97, 16.

Sauromatae 66, 10. 97, 17. Ne.
111111 147,1.

161116 178, 6.

scholarum σύνταγμα 111, 10.

scipio Africanus 118,11.

Scipio Asiaticus 119, 14.

Scythae 141,17. 39911. ad 71111111
361, 14. Ρ1111116139, 5. 36,
5 et 2¹· 66, 2¹· ¹⁰2, 18· “

8111211161ῡὸ, 4. 13614. 139, 19.

8151116111 195,13. 107, 1.

σεβαστός 199, 6.

σεβαστοφόρος 10, 1. ¹ ¹

11111..1..111111
6111111111 ὑποθέσεις 18011.

1111116111 177, 1.

Seleucia 137, 5.

81116 Scytha 67, 9. ,

Selymbria 13, 11. 150, 10.

Semiramidis moenia 151, 1.

81611118, 11.

Side 180, 19.

ἡ σιδηρᾶ 35, 11. 36, 6.

81311117, 11.

Sirenes

S. Sophia 11, 13. 15,19. 16, 17.
56,11. 59, 19. 60, 11. 74, 11.
199, 3. 156, 14, 159, 4. 170, 4.
171, 17. 310, 6. 11161111 91, 5. ·

Sophon mons 189, 16.,

 

