³81

hdo-m 138,11117,.13 numu 170,9
ωίάιη11,19.119,1 150, 81199111919910991111 69, 8.

111619.

88 1111

lm

81199119- 115, 6.

lunum 118, 1.

ledi 111, 15.

1111111 im 11, 3. 16, 11.
'mm alm 158, 9.
1111911111 313, 16.

11111911 m, 10.

1101199111·- 168, 1.

neum 11, 19. 11,11. 91, 1.
91, 1. 191, 8. 111, 15. 118, 5.

135, 7. 183, 16. 117, 8.
111111 189, 11.

tuom-1· 1111. 91, 1. 91,1.

115, 11. 111,11. 158, 11.

11111911 cutellum 189, 17. 191,

11. 191, 11.

8. 11111116191111 1111111 101,17.
1111111 1111111911 8, 6. 97,13 98,
16. 101,11. 111,13. 111, 13.
118,16.110,19.111,11.118,
13.131,7.135,10.136,1.

151,17. 153,13.15-1,19. 158,

mewmumu
191, 11. 111,.11 111, 11111,

1.191,11.311,10.

11111118911111111 13011. 131,

11. 111, 11.
1111111 6111911111 10, 11.

1111111 cerularius 9111111111 56,

1168111 comnenus.

liobae! 09111991 9, 15. 31, 11116.
nichao! 811991019111 181,1. 196,

118811 Paphlago 8, 19.

a 11111111 11119111111169,19. 171,
1. 1801. 17910. 175,3. 188,

16. 308, 9.

11111111811111911911151,10. 91, 11.

μονοπώλιον 101, 5.
119911 1911111119, 9.

1991911101 137, 3 1118.

1111191111 1. (9.8191111199111 133, 10.
munera annua senatoribuu datu 111,

1619919199 90, 1 “
Myrmidones 87,13.
8155811315815 ’

lte-iun 111, 6.

unium 115,15.117,1.

91111111ιωί919.

neoc-mense· ²78, 19.

nephthalin: v. 11111111 18.

uem 1111111111, 15.

811191111111111105,7.107,11.

nestorius 111111111111 97, 3. 1

11111115113.91,1.113,8.165.1
1111030615.

nicephorus nomina 1119111191111
11111130, 3

1011919111 1311111ιί1111 39, 10. 56
3.,83 11.,.9681118 9713 Ι
191, ’1. 185, '.15 1111. 111
11],8155915617. 158,13.
160, 11. 163, 5. 169, 9.

8111989111111911111191181, 3111.

15. 116, 11. 119, 11. 161, 8.

181, 10. 191. Ι

11111989191199911111180,10. 199,

6100,.13.,108161’16,.1

811191911111911111717.113,1

S. 11119111 monasterium 91, 8.

Nicomedia 51,10. 189, 7. 168,” 1.

11111110. 171, 1

nobilissimus 1,713. 186,11. 198,
18.199,1.

111911111111311,1.111,1. s

oceanus occidentalis. 9

Olympus 199111 91,11.

ὄ 98909ξ19ς ἧμέρ u 1111. 9

1111911111. 17311.

palatium australe 111, 111111-
911991170, 16.119119111911111
10, 17. 91111111919171, 3.
palatii custodes 191, 17. 1961.

1191111ῑί111 11119111 136, 6.

1911111ιί111 Armenius 80, 11.

Panium 90, 1,119, 1.

8. Pauteleemou 151, 5. 1111199111
151, 19.

Paphlagonia 1731. ,

9111111111,8.19,11.·111,16.ῥ

1191911991καί 9111111159, 13.

91111111 11, 18. 11, 8. 111, 13. ’

88 91119111111919191111111191,6.1

Pauinaoi 30,6.10,19.83,3 ¹
85, 11.,87 10 105 51099 ,
161,11.090,16.198,11. 1
3011.

 

